NoteParent: {
	solved: false;
	noteValueCount: 2;
	noteSequenceIds: [7, 8];
	eventID: 2;

}
Commons: {
	id: 6;
	name: "(null)";
	flags: 177;
	type: "ENT_TYPE_DEFAULT";
	position: -8.613618 2.014750 -1.000000;
	velocity: 0.000000 0.000000 0.000000;
	renderPosOffset: 0.000000 0.000000 0.000000;
	dim: 1.000000 1.000000 1.000000;
	renderScale: 1.000000 1.000000 4.017924;
	shading: 1.000000 1.000000 1.000000 1.000000;
	texture: "stevinus.png";
	inverseWeight: 0.000000;
	angle: -0.251491;

}
