Camera: {

}
Commons: {
	id: 2;
	name: "camera";
	flags: 433;
	type: "ENT_TYPE_NULL";
	position: -1.328032 1.268242 0.900704;
	velocity: 0.000000 0.000000 0.000000;
	renderPosOffset: 0.000000 0.000000 0.000000;
	dim: 1.000000 1.000000 1.000000;
	renderScale: 1.000000 1.000000 1.000000;
	shading: 1.000000 1.000000 1.000000 1.000000;
	inverseWeight: 0.000000;
	angle: 0.000000;

}
