Camera: {

}
Commons: {
	id: 2;
	name: "camera";
	flags: 433;
	type: "ENT_TYPE_NULL";
	position: -6.198101 3.846669 0.181779;
	velocity: -0.000000 -0.000000 0.000000;
	renderPosOffset: 0.000000 0.300000 0.000000;
	dim: 8.000000 1.000000 1.000000;
	renderScale: 1.000000 1.000000 1.000000;
	shading: 1.000000 1.000000 1.000000 1.000000;
	inverseWeight: 0.000000;
	angle: 0.000000;

}
