Camera: {

}
Commons: {
	id: 2;
	name: "camera";
	flags: 433;
	type: "ENT_TYPE_NULL";
	position: -8.133625 4.163497 -0.039000;
	velocity: 0.000000 0.000000 0.000000;
	renderPosOffset: 0.000000 0.300000 0.000000;
	dim: 1.000000 1.000000 1.000000;
	renderScale: 1.000000 1.000000 1.000000;
	shading: 1.000000 1.000000 1.000000 1.000000;
	inverseWeight: 0.000000;
	angle: 0.000000;

}
