Door: {
	partnerID: 23;

}
Commons: {
	id: 24;
	name: "(null)";
	flags: 177;
	type: "ENT_TYPE_DEFAULT";
	position: 2.811571 8.656337 -1.000000;
	velocity: 0.000000 0.000000 0.000000;
	renderPosOffset: 0.000000 0.000000 0.000000;
	dim: 1.000000 1.000000 1.000000;
	renderScale: 1.000000 1.000000 1.000000;
	shading: 1.000000 1.000000 1.000000 1.000000;
	texture: "door1.png";
	inverseWeight: 0.000000;
	angle: 0.000000;

}
