Light: {
	flux: 10.000000;

}
Commons: {
	id: 26;
	name: "(null)";
	flags: 145;
	type: "ENT_TYPE_DEFAULT";
	position: -3.433377 5.389337 -1.000000;
	velocity: 0.000000 0.000000 0.000000;
	renderPosOffset: 0.000000 0.000000 0.000000;
	dim: 1.000000 1.000000 1.000000;
	renderScale: 1.000000 1.000000 1.000000;
	shading: 1.000000 1.000000 1.000000 1.000000;
	inverseWeight: 0.000000;
	angle: 0.000000;

}
